###XrfSettings.ini
SerialPortNum=1 
SerialPortBaud=28800
WorkingHv=30.0
WorkingMa=100.0
SafeHv=10.0
SafeMa=100.0
H2500Working=500.0
V_InputChannel=1 视频输入端口号, 可以为1,2,3
V_Brightness=255 视频亮度,范围0 ～ 510, 最佳255
V_Contrast=255 视频对比度,范围0 ～ 510, 最佳255
V_Hue=255        视频色度,范围0 ～ 510, 最佳255
V_Saturation=300 视频饱和度,范围0 ～ 510, 最佳300


###EnergyCalib.ini
Ag Ka能量 峰位
Cu Ka能量 峰位

# channel = k*energy + b
Ag 22.100000 165.080000
Cu 8.041000 74.90000
K=6.689665
b=24.238404